579292173
2747433
909038
1104393
945736
536022
411893
234649
193751
63951
471526
573016
537466
1187648
383343
214412
209661
277844
195120
259752
175410
597490
146341
125290
123394
208140
442916
152659
204097
7163
305132
489327
92978
88021
91247
52825
178842
501386
490190
303557
16595
24597
123907
85849
74838
53037
6322
10122
10915
1984
66263
139095
410697
708082
824320
838601
596224
522231
338193
30981
2756
0
0
0
7834
83766
147033
109310
5583
188107
3856
0
23476
6207
4157
0
0
0
2643
0
44242
0
23852
348804
16309
6420
18667
132282
519566
489310
191354
723505
737200
326732
328650
122632
760692
0
5497
0
6765
100480
11524
77851
517468
606126
616321
746069
2302696
57074
814123
169870
112200
261833
1082804
96116
38828
183388
3046
0
126961
192287
101903
105950
0
0
387223
1707604
691553
183281
287373
239272
133571
0
39449
0
0
832
219063
0
9531
405466
152426
211882
0
268652
220205
539791
155211
350545
76400
316735
260708
567500
267446
366398
42301
40893
4591
0
38437
130395
194076
180090
169914
377066
40185
0
0
0
60376
176002
104618
145419
0
0
509
0
0
392137
209530
26587
50976
122645
146928
321195
106033
244457
124045
206878
0
149620
130486
322557
739925
487396
416639
481235
389529
1969081
3837194
237504
189678
4629255
26327076
143945
106867
257590
170470
0
945492
1896227
1415942
786070
3231
4176
7842
73263
262181
314039
412802
316356
146408
202771
164359
50368
500746
154018
1154818
54886
538362
494109
30135
1287778
1262384
1198293
1784351
2431094
2045538
758436
523180
584655
687913
744867
943297
1684084
1139683
1428596
1590704
1771647
1689285
4061231
1822196
1925236
1579838
1683337
1999623
2549553
1035461
57105
620265
4272741
571372
1066567
3019300
4112846
3256064
2791083
2047919
914365
237674
19949
686672
1108586
1330057
2261613
852142
1255998
789436
1237936
2130470
13339801
38404078
3590481
4749449
22436735
14493135
6407249
2690133
2799285
2671327
2564252
1585540
1740929
1638737
1965492
2218002
2904485
3701251
5584002
